10 1 2 1 5296
110 6 1 1 510
210 8 1 1 191
310 16 1 16 0
410 16 4 4 0
510 16 4 16 0
610 16 16 2 0
710 16 16 4 0
810 16 16 8 0
910 16 16 8 0
1010 16 16 8 0
1110 16 16 16 0
1210 16 16 16 0
1310 16 16 16 0
1410 16 16 16 0
1510 16 16 16 0
1610 16 16 16 0
1710 16 16 16 0
1810 16 16 16 0
1910 16 16 16 0
2010 16 16 16 0
2110 16 16 16 0
2210 16 16 16 0
2310 16 16 16 0
2410 16 16 16 0
2510 16 16 16 0
2610 16 16 16 0
2710 16 16 16 0
2810 16 16 16 0
2910 16 16 16 0
3010 16 16 16 0
3110 16 16 16 0
3210 16 16 16 0
3310 16 16 16 0
3410 16 16 16 0
3510 16 16 16 0
3610 16 16 16 0
3710 16 16 16 0
3810 16 16 16 0
3910 16 16 16 0
4010 16 16 16 0
4110 16 16 16 0
4210 16 16 16 0
4310 16 16 16 0
4410 16 16 16 0
4510 16 16 16 0
4610 16 16 16 0
4710 16 16 16 0
4810 16 16 16 0
4910 16 16 16 0
5010 16 16 16 0
5110 16 16 16 0
5210 16 16 16 0
5310 16 16 16 0
5410 16 16 16 0
5510 16 16 16 0
5610 16 16 16 0
5710 16 16 16 0
5810 16 16 16 0
5910 16 16 16 0
6010 16 16 16 0
6110 16 16 16 0
6210 16 16 16 0
6310 16 16 16 0
6410 16 16 16 0
6510 16 16 16 0
6610 16 16 16 0
6710 16 16 16 0
6810 16 16 16 0
6910 16 16 16 0
7010 16 16 16 0
7110 16 16 16 0
7210 16 16 16 0
7310 16 16 16 0
7410 16 16 16 0
7510 16 16 16 0
7610 16 16 16 0
7710 16 16 16 0
7810 16 16 16 0
7910 16 16 16 0
8010 16 16 16 0
8110 16 16 16 0
8210 16 16 16 0
8310 16 16 16 0
8410 16 16 16 0
8510 16 16 16 0
8610 16 16 16 0
8710 16 16 16 0
8810 16 16 16 0
8910 16 16 16 0
9010 16 16 16 0
9110 16 16 16 0
9210 16 16 16 0
9310 16 16 16 0
9410 16 16 16 0
9510 16 16 16 0
9610 16 16 16 0
9710 16 16 16 0
9810 16 16 16 0
9910 16 16 16 0
10010 16 16 16 0
10110 16 16 16 0
10210 16 16 16 0
10310 16 16 16 0
10410 16 16 16 0
10510 16 16 16 0
10610 16 16 16 0
10710 16 16 16 0
10810 16 16 16 0
10910 16 16 16 0
11010 16 16 16 0
11110 16 16 16 0
11210 16 16 16 0
11310 16 16 16 0
11410 16 16 16 0
11510 16 16 16 0
11610 16 16 16 0
11710 16 16 16 0
11810 16 16 16 0
11910 16 16 16 0
12010 16 16 16 0
12110 16 16 16 0
12210 16 16 16 0
12310 16 16 16 0
12410 16 16 16 0
12510 16 16 16 0
12610 16 16 16 0
12710 16 16 16 0
12810 16 16 16 0
12910 16 16 16 0
13010 16 16 16 0
13110 16 16 16 0
13210 16 16 16 0
13310 16 16 16 0
13410 16 16 16 0
13510 16 16 16 0
13610 16 16 16 0
13710 16 16 16 0
13810 16 16 16 0
13910 16 16 16 0
14010 16 16 16 0
14110 16 16 16 0
14210 16 16 16 0
14310 16 16 16 0
14410 16 16 16 0
14510 16 16 16 0
14610 16 16 16 0
14710 16 16 16 0
14810 16 16 16 0
14910 16 16 16 0
15010 16 16 16 0
15110 16 16 16 0
15210 16 16 16 0
15310 16 16 16 0
15410 16 16 16 0
15510 16 16 16 0
15610 16 16 16 0
15710 16 16 16 0
15810 16 16 16 0
15910 16 16 16 0
